0 All for an energy slice around 9.5 MeV - an angle of 67.5584 degrees
0 From file: test15_usingMinimisedBeamSlashBarrelPosition.root
0 1  1  7.00543e+01  2.84505e+00
0 1  2  6.98643e+01  3.14986e+00
0 1  4  6.97810e+01  3.67177e+00
0 2  1  6.86250e+01  3.15791e+00
0 2  2  7.01359e+01  3.13928e+00
0 2  3  6.39203e+01  4.21303e+00
0 2  4  6.36702e+01  2.69008e+00
0 4  1  6.42279e+01  2.81851e+00
0 4  2  6.69969e+01  2.58465e+00
0 4  3  6.60089e+01  4.57765e+00
0 4  4  7.01037e+01  2.26325e+00
0 5  2  7.12698e+01  2.60527e+00
0 6  1  7.23539e+01  2.73824e+00
0 6  3  6.17923e+01  5.16924e+00
0 7  1  6.53631e+01  3.75071e+00
0 7  2  6.75312e+01  3.09667e+00
0 7  4  6.61569e+01  2.15986e+00
0 8  1  6.37647e+01  2.20369e+00
0 8  2  6.49136e+01  3.37749e+00
0 8  3  6.85607e+01  5.35652e+00
0 8  4  6.79453e+01  2.36060e+00
0 From file: test17_usingUnTiltedBeamDirectionVector.root
0 1  1  7.35510e+01  3.23179e+00
0 1  2  7.41549e+01  3.74314e+00
0 1  4  7.48678e+01  4.00740e+00
0 2  1  7.45413e+01  3.36212e+00
0 2  2  7.68137e+01  3.48890e+00
0 2  3  7.21672e+01  2.97305e+00
0 2  4  7.11456e+01  2.69062e+00
0 4  1  7.30511e+01  2.97603e+00
0 4  2  7.56752e+01  2.54446e+00
0 4  3  7.50455e+01  3.26771e+00
0 4  4  7.77782e+01  2.14429e+00
0 5  2  7.68956e+01  3.86726e+00
0 6  1  7.68888e+01  2.55313e+00
0 6  3  6.48842e+01  5.45577e+00
0 7  1  6.72835e+01  4.14010e+00
0 7  2  6.94784e+01  4.01671e+00
0 7  4  6.79564e+01  2.76990e+00
0 8  1  6.53557e+01  2.45058e+00
0 8  2  6.72765e+01  3.28781e+00
0 8  3  7.20260e+01  4.77421e+00
0 8  4  7.11553e+01  2.39907e+00
0 From file: test16_usingTiltedBeamDirectionVector.root
0 1  1  7.57120e+01  2.60695e+00
0 1  2  7.52579e+01  3.68090e+00
0 1  4  7.56142e+01  4.01522e+00
0 2  1  7.47146e+01  3.50241e+00
0 2  2  7.68741e+01  3.08774e+00
0 2  3  7.17728e+01  3.01911e+00
0 2  4  7.01528e+01  3.06520e+00
0 4  1  7.14140e+01  2.39722e+00
0 4  2  7.36713e+01  2.75250e+00
0 4  3  7.22584e+01  4.40342e+00
0 4  4  7.53809e+01  3.51327e+00
0 5  2  7.58744e+01  4.03257e+00
0 6  1  7.68665e+01  2.75898e+00
0 6  3  7.10000e+01  4.00000e+00
0 7  1  6.86164e+01  4.20360e+00
0 7  2  7.13743e+01  4.52044e+00
0 7  4  6.98236e+01  2.80168e+00
0 8  1  6.71855e+01  2.46666e+00
0 8  2  6.88995e+01  3.89092e+00
0 8  3  7.37089e+01  5.45779e+00
0 8  4  7.28112e+01  2.49245e+00
0 From file: test19_everythingZeroes.root
1  1  6.53345e+01  2.63261e+00
1  2  6.54120e+01  2.93777e+00
1  3  0  0
1  4  6.58279e+01  3.80186e+00
2  1  6.58328e+01  3.28081e+00
2  2  6.77183e+01  2.81874e+00
2  3  6.36869e+01  2.64716e+00
2  4  6.27775e+01  2.42142e+00
3  1  0  0
3  2  0  0
3  3  0  0
3  4  0  0
4  1  6.43630e+01  2.57361e+00
4  2  6.65499e+01  2.30455e+00
4  3  6.61005e+01  2.83008e+00
4  4  6.87399e+01  2.25922e+00
5  1  0  0
5  2  6.83917e+01  3.10507e+00
5  3  0  0
5  4  0  0
6  1  6.82420e+01  2.11952e+00
6  2  0  0
6  3  6.11262e+01  2.68343e+00
6  4  0  0
7  1  5.97781e+01  3.49056e+00
7  2  6.07564e+01  4.91709e+00
7  3  0  0
7  4  6.03161e+01  1.90074e+00
8  1  5.76705e+01  2.20049e+00
8  2  5.93610e+01  2.95137e+00
8  3  6.30915e+01  4.38526e+00
8  4  6.27007e+01  2.29097e+00
