1 1 0 -0.84 -0.65
1 1 1 0.64 0.87
1 2 0 -0.87 -0.64
1 2 1 0.64 0.87
1 4 0 -0.85 -0.62
1 4 1 0.64 0.88
2 1 0 -0.85 -0.62
2 1 1 0.66 0.84
2 2 0 -0.84 -0.63
2 2 1 0.65 0.85
2 3 0 -0.83 -0.63
2 3 1 0.66 0.86
2 4 0 -0.85 -0.62
2 4 1 0.65 0.85
4 1 0 -0.85 -0.64
4 1 1 0.65 0.85
4 2 0 -0.84 -0.63
4 2 1 0.66 0.86
4 3 0 -0.85 -0.63
4 3 1 0.65 0.84
4 4 0 -0.86 -0.65
4 4 1 0.63 0.83
5 2 0 -0.84 -0.62
5 2 1 0.66 0.87
5 4 0 -0.88 -0.62
5 4 1 0.66 0.85
6 1 0 -0.86 -0.62
6 1 1 0.65 0.87
6 3 0 -0.84 -0.64
6 3 1 0.66 0.85
6 4 0 -0.83 -0.646
6 4 1 0.65 0.86
7 1 0 -0.94 -0.82
7 1 1 0.83 0.95
7 2 0 -0.94 -0.78
7 2 1 0.83 0.95
7 4 0 -0.96 -0.79
7 4 1 0.83 0.96
8 1 0 -0.96 -0.84
8 1 1 0.83 0.96
8 2 0 -0.95 -0.83
8 2 1 0.77 0.94
8 3 0 -0.96 -0.81
8 3 1 0.81 0.93
8 4 0 -0.96 -0.83
8 4 1 0.83 0.97
