0 Hyball information
0  Wedge   Sector   PhiLab    656 keV peak proton energy    error    2.044 MeV peak proton energy    error  
0 from more finely binned spectra
1  1  -168.2 3.22430e+00  7.14373e-03  2.67656e+00  6.45432e-03  
1  3  -154.6 3.22308e+00  1.28619e-02  2.68513e+00  6.71372e-03  
1  6  -134.2 3.20331e+00  1.04572e-02  2.65795e+00  5.79157e-03  
1  7  -127.4 3.19533e+00  1.91742e-02  2.66277e+00  9.26608e-03  
1  8  -120.6 3.21521e+00  1.96551e-02  2.65889e+00  8.17384e-03  
2  1  +131.8 3.17698e+00  1.53906e-02  2.67457e+00  1.52992e-02  
2  2  +138.6 3.21017e+00  2.14724e-02  2.68229e+00  8.41355e-03  
2  3  +145.4 3.18992e+00  2.55039e-02  2.66155e+00  1.21510e-02  
2  4  +152.2 3.19905e+00  1.57678e-02  2.66600e+00  1.49182e-02  
2  6  +165.8 3.19171e+00  1.09535e-02  2.68389e+00  9.39587e-03  
2  8  +179.4 3.21330e+00  1.63144e-02  2.69772e+00  7.78322e-03  
3  2  +78.60 3.21726e+00  1.41915e-02  2.67542e+00  8.52772e-03  
3  5  +99.00 3.23713e+00  1.23716e-02  2.67228e+00  6.14136e-03  
3  7  +112.6 3.22207e+00  1.06544e-02  2.68622e+00  7.41511e-03  
3  8  +119.4 3.23619e+00  2.10229e-02  2.69387e+00  8.82199e-03  
4  1  +11.80 3.20839e+00  1.67744e-02  2.66923e+00  8.29779e-03  
4  3  +25.40 3.20467e+00  8.45133e-03  2.69162e+00  5.20975e-03  
4  5  +39.00 3.21068e+00  1.01860e-02  2.69894e+00  1.00470e-02  
4  6  +45.80 3.20409e+00  1.89026e-02  2.67297e+00  6.36439e-03  
4  7  +52.60 3.23099e+00  2.78530e-02  2.69838e+00  9.95077e-03  
4  8  +59.40 3.17868e+00  2.29951e-02  2.66807e+00  9.93776e-03  
6  3  -94.60 3.25130e+00  8.48878e-03  2.72119e+00  5.34500e-03  
6  4  -87.80 3.23586e+00  1.00039e-02  2.71132e+00  5.83461e-03  
6  6  -74.20 3.22984e+00  7.23865e-03  2.70413e+00  6.05034e-03  
6  8  -60.60 3.24611e+00  7.59315e-03  2.69809e+00  8.02030e-03  
