0 Hyball information
0  Wedge   Sector   PhiLab    656 keV peak proton energy    error    2.044 MeV peak proton energy    error     3.488 MeV peak proton energy     error
0 from more coursely binned data
1  1  -168.2  3.22228e+00  6.71246e-03  2.68309e+00  5.44740e-03  2.16936e+00  3.62358e-03
1  3  -154.6  3.21398e+00  8.65764e-03  2.68415e+00  6.66541e-03  2.16761e+00  3.96739e-03
1  6  -134.2  3.20791e+00  7.97916e-03  2.65881e+00  5.20325e-03  2.15375e+00  4.23729e-03
1  7  -127.4  3.19303e+00  1.38287e-02  2.66615e+00  7.38305e-03  2.15319e+00  3.72429e-03
1  8  -120.6  3.22030e+00  1.14539e-02  2.66575e+00  6.77940e-03  2.14722e+00  4.23879e-03
2  1  +131.8  3.17613e+00  9.59452e-03  2.66741e+00  8.78507e-03  2.14264e+00  6.74488e-03
2  2  +138.6  3.21156e+00  1.07811e-02  2.67409e+00  7.30572e-03  2.15617e+00  5.25975e-03
2  3  +145.4  3.18746e+00  1.21326e-02  2.66117e+00  9.67326e-03  2.14253e+00  4.85546e-03
2  4  +152.2  3.20362e+00  9.93495e-03  2.66312e+00  1.03901e-02  2.15202e+00  6.01803e-03
2  6  +165.8  3.20404e+00  8.96544e-03  2.68354e+00  7.18588e-03  2.16144e+00  5.48638e-03
2  8  +179.4  3.21987e+00  1.09031e-02  2.69653e+00  7.78216e-03  2.16079e+00  5.87083e-03
3  2  +78.60  3.22354e+00  8.78561e-03  2.67031e+00  7.20791e-03  2.17916e+00  5.45757e-03
3  5  +99.00  3.24036e+00  1.02656e-02  2.68807e+00  6.79124e-03  2.17878e+00  4.00170e-03
3  7  +112.6  3.21922e+00  6.98655e-03  2.68745e+00  6.69670e-03  2.17775e+00  4.27777e-03
3  8  +119.4  3.23383e+00  9.85597e-03  2.69520e+00  5.99368e-03  2.17132e+00  4.49460e-03
4  1  +11.80  3.21727e+00  1.03130e-02  2.67795e+00  5.90336e-03  2.16383e+00  3.78706e-03
4  3  +25.40  3.21051e+00  7.56438e-03  2.69217e+00  5.12801e-03  2.17736e+00  4.10195e-03
4  5  +39.00  3.20862e+00  8.05844e-03  2.69391e+00  7.80328e-03  2.17470e+00  4.34612e-03
4  6  +45.80  3.20294e+00  8.06776e-03  2.67463e+00  5.72505e-03  2.17257e+00  3.96865e-03
4  7  +52.60  3.23299e+00  2.37409e-02  2.68260e+00  7.18576e-03  2.17325e+00  4.65081e-03
4  8  +59.40  3.18991e+00  8.98709e-03  2.66881e+00  7.30345e-03  2.17602e+00  3.49465e-03
6  3  -94.60  3.24963e+00  6.71396e-03  2.72241e+00  5.18766e-03  2.20104e+00  4.15926e-03
6  4  -87.80  3.24217e+00  8.10806e-03  2.71673e+00  4.56690e-03  2.19298e+00  4.01161e-03
6  6  -74.20  3.24077e+00  7.37756e-03  2.70326e+00  5.18646e-03  2.19166e+00  4.25369e-03
6  8  -60.60  3.23894e+00  7.04797e-03  2.70990e+00  6.54486e-03  2.18144e+00  4.09900e-03
